OHHOHHAROHHOHHR
0 292
1 106
2 118
3 148
4 158
5 88
6 230
7 112
8 98
9 146
10 156
11 274
12 118
OHHOHHOHHAAAAAAAAROHHOHHOHHR
0 314
1 348
2 412
3 36
4 306
5 338
6 402
7 720
8 328
9 200
10 386
11 10
OHHOHHAAAROHHOHHR
0 30
1 18
2 34
3 100
4 236
5 14
6 74
7 22
8 52
9 110
10 14
11 290
12 66
13 32
14 106
15 160
16 46
17 284
18 196
19 90
20 154
21 122
22 92
23 18
OHHOHHOHHOHHOHHOHHR
0 124
1 10
2 124
3 274
4 128
5 206
6 160
7 150
8 276
9 78
10 100
11 138
12 10
13 174
14 84
15 192
16 82
17 232
18 270
19 108
20 122
21 94
22 220
23 426
24 110
25 152
26 66
27 126
28 18
29 104
30 192
31 24
32 14
33 164
34 192
35 116
36 218
37 164
38 20
39 286
40 14
41 186
42 88
43 392
44 602
45 246
46 122
47 268
48 206
49 168
50 224
51 34
52 454
53 188
54 162
55 18
56 78
57 18
58 18
59 290
60 136
61 300
62 304
63 22
64 150
65 120
66 148
67 128
68 148
69 202
70 240
71 166
72 138
73 268
74 238
75 72
76 112
77 366
78 126
79 132
80 82
81 280
82 16
83 94
84 132
85 300
86 130
87 190
88 90
89 318
90 248
91 80
92 354
93 310
94 10
95 54
96 108
97 130
98 260
99 210
100 94
101 350
102 192
103 194
104 170
105 172
106 330
107 264
108 18
109 156
110 112
111 14
112 338
113 416
114 108
115 12
116 478
117 48
118 216
119 82
120 142
121 126
122 116
123 110
124 154
125 24
126 200
127 16
128 116
129 140
130 152
131 100
132 218
133 180
134 176
135 112
136 138
OHHOHHOHHAAAAAAAROHHOHHOHHR
0 396
1 532
2 184
3 286
4 676
5 322
6 306
7 296
8 444
9 590
10 706
11 716
12 336
13 376
14 286
15 704
16 288
17 302
18 172
19 232
20 608
OHHOHHOHHAROHHOHHOHHR
0 212
1 172
2 222
3 422
4 224
5 238
6 180
7 388
8 358
9 226
10 164
11 354
12 220
13 124
14 334
15 140
16 388
OHHOHHOHHOHHR
0 12
1 100
OHHOHHOHHAAROHHOHHOHHR
0 190
1 236
2 148
3 136
4 160
5 342
6 140
7 40
8 116
9 218
10 202
11 250
12 90
13 198
14 130
15 60
16 96
17 148
18 124
19 210
20 72
21 186
22 140
23 126
24 58
25 68
26 152
27 58
28 246
29 118
30 166
31 220
32 114
33 42
34 90
35 150
36 178
37 74
38 96
39 112
40 166
41 54
42 52
43 40
44 114
45 98
46 182
47 92
48 146
49 226
50 130
51 90
52 60
53 106
54 126
55 72
56 170
57 118
58 116
59 52
60 90
61 148
62 202
63 58
64 40
65 190
66 260
67 176
68 38
69 70
70 42
71 180
72 90
73 84
74 90
75 134
76 146
77 304
78 256
79 148
80 48
81 326
82 32
83 90
84 50
85 188
86 114
87 230
88 120
89 92
90 202
91 58
92 82
93 140
94 216
95 330
96 268
97 234
98 126
99 82
100 118
101 86
102 52
103 94
104 80
105 126
106 136
107 88
108 156
109 142
110 110
111 92
112 112
113 14
114 102
115 194
116 98
117 114
118 82
119 172
120 80
121 74
122 110
123 46
124 310
125 48
126 246
127 88
128 200
129 56
130 178
131 86
132 136
133 256
134 96
135 114
136 132
137 86
138 132
139 30
140 184
141 138
142 110
143 142
144 154
145 28
146 98
147 208
148 84
149 238
150 62
151 40
152 72
153 82
154 78
155 74
156 78
157 96
158 64
159 198
160 80
161 48
162 106
163 396
164 188
165 84
166 52
167 82
168 36
169 154
170 104
171 56
172 104
173 120
174 54
175 126
176 82
177 80
178 84
179 88
180 172
181 178
182 252
183 242
184 118
185 60
186 124
187 274
188 114
189 298
190 162
191 162
192 92
193 116
194 68
195 166
196 102
197 154
198 134
199 132
200 248
201 52
202 154
203 78
204 172
205 218
206 246
207 242
208 102
209 136
210 276
211 90
212 124
213 268
214 162
215 128
216 84
217 68
218 254
219 36
220 100
221 96
222 114
223 288
224 94
225 132
226 118
227 64
228 80
229 84
230 162
231 80
232 136
233 24
234 90
235 120
236 156
237 64
238 218
239 112
240 68
241 34
242 144
243 254
244 78
245 254
246 290
247 204
248 154
249 346
250 130
251 162
252 200
253 166
254 156
255 82
256 78
257 140
258 110
259 132
260 46
261 248
262 38
263 70
264 160
265 112
266 200
267 112
268 72
269 162
270 240
271 200
272 182
273 152
274 40
275 66
276 246
277 80
278 212
279 122
280 82
281 66
282 38
283 106
284 46
285 54
286 22
287 110
288 190
289 190
290 212
291 26
292 130
293 98
294 164
295 90
296 124
297 78
298 100
299 108
300 84
301 118
302 172
303 126
304 44
305 178
306 32
307 132
308 220
309 110
310 116
311 100
312 120
313 256
314 96
315 68
316 76
317 176
318 198
319 164
320 108
321 34
322 144
323 142
324 212
325 74
326 34
327 74
328 54
329 74
330 26
331 100
332 134
333 44
334 94
335 176
336 72
337 112
338 82
339 66
340 48
341 152
342 104
343 116
344 232
345 88
346 112
347 198
348 100
349 244
350 138
351 34
352 122
353 128
354 74
355 104
356 122
357 80
358 50
359 190
360 170
361 356
362 100
363 82
364 118
365 180
366 148
367 118
368 336
369 96
370 100
371 150
372 100
373 112
374 394
375 62
376 166
377 124
378 106
379 60
380 218
381 156
382 144
383 128
384 46
385 44
386 68
387 120
388 116
389 180
390 130
391 52
392 130
393 216
394 88
395 60
396 152
397 80
398 160
399 120
400 216
401 200
402 144
403 402
404 222
405 76
406 108
407 78
408 48
409 120
410 88
411 148
412 232
413 60
414 118
415 100
416 152
417 234
418 56
419 388
420 44
421 150
422 320
423 146
424 54
425 38
426 106
427 102
428 104
429 244
430 138
431 68
432 100
433 68
434 138
435 40
436 248
437 160
438 62
439 186
440 102
441 118
442 70
443 18
444 130
445 358
446 148
447 244
448 70
449 74
450 70
451 202
452 302
453 178
454 194
455 134
456 136
457 144
458 106
459 300
460 234
461 86
462 64
463 52
464 56
465 164
466 142
467 198
468 192
469 154
470 144
471 114
472 98
473 106
474 68
475 122
476 210
477 26
478 150
479 106
480 86
481 240
482 110
483 72
484 112
485 192
486 288
487 84
488 82
489 108
490 98
491 88
492 32
493 278
494 112
495 84
496 84
497 216
498 70
499 178
500 156
501 74
502 36
503 72
504 120
505 86
506 100
507 162
508 176
509 110
510 80
511 172
512 318
513 134
514 210
515 122
516 76
517 156
518 118
519 94
520 236
521 320
522 62
523 164
524 192
525 70
526 264
527 114
528 116
529 64
530 242
531 52
532 168
533 92
534 128
535 114
536 202
537 160
538 124
539 196
540 142
541 88
542 42
543 236
544 136
545 58
546 80
547 244
548 128
549 134
550 126
551 132
552 178
553 118
554 82
555 96
556 72
557 176
558 134
559 208
560 106
561 160
562 190
563 84
564 138
565 148
566 404
567 236
568 178
569 162
570 168
571 138
572 86
573 126
574 114
575 54
576 118
577 90
578 236
579 54
580 78
581 84
582 66
583 120
584 404
585 82
586 66
587 106
588 148
589 94
590 60
591 48
592 78
593 134
594 64
595 164
596 208
597 176
598 174
599 98
600 50
601 258
602 242
603 350
604 240
605 114
606 296
607 134
608 150
609 94
610 134
611 182
612 68
613 58
614 154
615 174
616 66
617 76
618 104
619 126
620 42
621 42
622 182
623 46
624 84
625 94
626 134
627 166
628 100
629 178
630 124
631 296
632 74
633 86
634 400
635 116
636 52
637 116
638 44
639 130
640 66
641 186
642 62
643 192
644 108
645 200
646 352
647 94
648 80
649 216
650 84
651 360
652 288
653 60
654 40
655 178
656 298
657 204
658 164
659 70
660 116
661 40
662 178
663 184
664 150
665 80
666 40
667 168
668 76
669 156
670 240
671 182
672 148
673 98
674 40
675 136
676 216
677 228
678 104
679 204
680 170
681 56
682 90
683 78
684 248
685 150
686 240
687 208
688 78
689 82
690 188
691 84
692 178
693 194
694 130
695 52
696 270
697 72
698 274
699 196
700 264
701 120
702 42
703 52
704 122
705 160
706 108
707 224
708 288
709 40
710 160
711 194
712 108
713 60
714 240
715 72
716 120
717 120
718 72
719 102
720 32
721 84
722 180
723 260
724 102
725 118
726 152
727 154
728 24
729 100
730 158
731 212
732 110
733 248
734 166
735 74
736 184
737 132
738 76
739 66
740 206
741 110
742 180
743 34
744 118
745 96
746 96
747 162
748 100
749 160
750 52
751 68
752 130
753 96
754 48
755 60
756 102
757 134
758 126
759 90
760 94
761 56
762 74
763 56
764 128
765 56
766 172
767 102
768 66
769 164
770 104
771 78
772 132
773 240
774 40
775 68
776 128
777 218
778 158
779 122
780 98
781 156
782 240
783 114
784 88
785 112
786 136
787 168
788 116
789 54
790 98
791 66
792 258
793 242
794 52
795 210
796 412
797 206
798 50
799 114
800 198
801 240
802 62
803 152
804 70
805 84
806 188
807 102
808 108
809 78
810 104
811 126
812 186
813 252
814 176
815 138
816 64
817 214
818 118
819 336
820 98
821 216
822 36
823 180
824 172
825 176
826 196
827 166
828 202
829 202
830 368
831 224
832 98
833 238
834 114
835 200
836 66
837 110
838 190
839 320
840 272
841 178
842 184
843 396
844 206
845 66
846 206
847 164
848 266
849 46
850 74
851 158
852 96
853 142
854 86
855 182
856 208
857 182
858 104
859 90
860 204
861 120
862 192
863 146
864 136
865 92
866 158
867 46
868 82
869 332
870 128
871 144
872 236
873 106
874 126
875 246
876 38
877 70
878 218
879 118
880 314
881 434
882 74
883 220
884 372
885 354
886 172
887 212
888 78
889 68
890 318
891 46
892 104
893 204
894 194
895 110
896 118
897 70
898 236
899 444
900 74
901 206
902 496
903 54
904 138
905 134
906 112
907 258
908 84
909 248
910 42
911 210
912 86
913 158
914 238
915 94
916 94
917 116
918 178
919 192
920 100
921 194
922 118
923 184
924 76
925 60
926 84
927 124
928 66
929 162
930 50
931 26
932 64
933 68
934 238
935 76
936 36
937 70
938 276
939 300
940 218
941 138
942 50
943 90
944 150
945 600
946 136
947 154
948 134
949 62
950 78
951 200
952 50
953 204
954 38
955 36
956 236
957 80
958 108
959 216
960 242
961 154
962 148
963 82
964 174
965 222
966 116
967 192
968 146
969 92
970 92
971 172
972 110
973 124
974 104
975 118
976 158
977 104
978 32
979 196
980 96
981 268
982 98
983 130
984 86
985 72
986 108
987 120
988 72
989 18
990 84
991 188
992 210
993 214
994 174
995 130
996 188
997 154
998 102
999 128
1000 270
1001 38
1002 102
1003 114
1004 74
1005 114
1006 182
1007 100
1008 68
1009 156
1010 110
1011 104
1012 128
1013 88
1014 262
1015 220
1016 230
1017 164
1018 250
1019 78
1020 106
1021 94
1022 24
1023 212
1024 186
1025 176
1026 78
1027 162
1028 94
1029 56
1030 86
1031 44
1032 76
1033 68
1034 134
1035 68
1036 162
1037 104
1038 128
1039 116
1040 92
1041 190
1042 106
1043 150
1044 182
1045 128
1046 34
1047 166
1048 74
1049 286
1050 116
1051 118
1052 86
1053 130
1054 132
1055 150
1056 232
1057 90
1058 178
1059 174
1060 114
1061 146
1062 110
1063 74
1064 216
1065 80
1066 162
1067 102
1068 146
1069 262
1070 50
1071 188
1072 188
1073 124
1074 88
1075 112
1076 78
1077 72
1078 234
1079 98
1080 66
1081 90
1082 86
1083 42
1084 312
1085 120
1086 126
1087 90
1088 246
1089 132
1090 108
1091 84
1092 66
1093 364
1094 256
1095 160
1096 146
1097 192
1098 76
1099 70
1100 150
1101 220
1102 202
1103 274
1104 192
1105 66
1106 128
1107 78
1108 58
1109 54
1110 152
1111 172
1112 242
1113 298
1114 384
1115 124
1116 180
1117 146
1118 128
1119 80
1120 148
1121 122
1122 190
1123 214
1124 50
1125 116
1126 250
1127 234
1128 70
1129 230
1130 88
1131 110
1132 128
1133 138
1134 84
1135 110
1136 58
1137 50
1138 172
1139 226
1140 192
1141 104
1142 126
1143 50
1144 90
1145 104
1146 90
1147 148
1148 76
1149 304
1150 118
1151 442
1152 286
1153 308
1154 130
1155 130
1156 218
1157 152
1158 148
1159 138
1160 128
1161 52
1162 276
1163 198
1164 100
1165 48
1166 48
1167 138
1168 112
1169 210
1170 18
1171 180
1172 218
1173 194
1174 78
1175 120
1176 210
1177 192
1178 96
1179 326
1180 194
1181 126
1182 112
1183 162
1184 90
1185 234
1186 150
1187 268
1188 220
1189 96
1190 184
1191 208
1192 102
1193 78
1194 158
1195 162
1196 136
1197 34
1198 46
1199 132
1200 152
1201 80
1202 196
1203 194
1204 114
1205 138
1206 64
1207 84
1208 216
1209 84
1210 142
1211 134
1212 348
1213 116
1214 86
1215 176
1216 214
1217 102
1218 80
1219 114
1220 92
1221 82
1222 108
1223 58
1224 126
1225 332
1226 122
1227 60
1228 74
1229 110
1230 106
1231 148
1232 316
1233 88
1234 86
1235 80
1236 92
1237 84
1238 120
1239 138
1240 118
1241 176
1242 136
1243 120
1244 60
1245 74
1246 118
1247 166
1248 180
1249 130
1250 362
1251 92
1252 106
1253 218
1254 178
1255 120
1256 132
1257 90
1258 138
1259 68
1260 224
1261 172
1262 54
1263 50
1264 120
1265 234
1266 310
1267 106
1268 196
1269 250
1270 86
1271 794
1272 42
1273 278
1274 98
1275 70
1276 142
1277 98
1278 38
1279 180
1280 200
1281 202
1282 40
1283 306
1284 96
1285 216
1286 186
1287 86
1288 54
1289 62
1290 94
1291 128
1292 140
1293 172
1294 102
1295 174
1296 50
1297 132
1298 94
1299 106
1300 156
1301 178
1302 196
1303 190
1304 116
1305 110
1306 192
1307 90
1308 90
1309 80
1310 46
1311 246
1312 100
1313 202
1314 158
1315 70
1316 254
1317 106
1318 94
1319 98
1320 224
1321 84
1322 144
1323 134
1324 44
1325 136
1326 120
1327 56
1328 132
1329 128
1330 122
1331 248
1332 122
1333 162
1334 124
1335 74
1336 136
1337 122
1338 208
1339 64
1340 74
1341 112
1342 134
1343 168
1344 138
1345 136
1346 142
1347 270
1348 32
1349 400
1350 126
1351 176
1352 34
1353 106
1354 140
1355 50
1356 134
1357 94
1358 86
1359 262
1360 202
1361 184
1362 174
1363 80
1364 180
1365 218
1366 152
1367 60
1368 34
1369 74
1370 102
1371 242
1372 96
1373 194
1374 102
1375 48
1376 146
1377 192
1378 90
1379 148
1380 110
1381 80
1382 150
1383 68
1384 300
1385 180
1386 192
1387 82
1388 64
1389 46
1390 402
1391 200
1392 54
1393 134
1394 56
1395 76
1396 84
1397 152
1398 188
1399 392
1400 44
1401 80
1402 44
1403 140
1404 50
1405 222
1406 250
1407 150
1408 72
1409 118
1410 150
1411 218
1412 38
1413 88
1414 46
1415 82
1416 82
1417 92
1418 30
1419 430
1420 126
1421 140
1422 84
1423 120
1424 180
1425 148
1426 142
1427 198
1428 116
1429 98
1430 294
1431 268
1432 122
1433 236
1434 132
1435 98
1436 102
1437 60
1438 114
1439 114
1440 100
1441 154
1442 160
1443 110
1444 44
1445 82
1446 80
1447 232
1448 114
1449 112
1450 142
1451 48
1452 464
1453 72
1454 220
1455 380
1456 82
1457 196
1458 126
1459 52
1460 242
1461 108
1462 50
1463 38
1464 70
1465 44
1466 196
1467 102
1468 110
1469 42
1470 138
1471 54
1472 38
1473 122
1474 70
1475 98
1476 192
1477 88
1478 88
1479 212
1480 58
1481 174
1482 218
1483 50
1484 32
1485 336
1486 82
1487 110
1488 184
1489 66
1490 38
1491 72
1492 86
1493 102
1494 80
1495 90
1496 76
1497 272
1498 92
1499 358
1500 40
1501 96
1502 96
1503 126
1504 226
1505 312
1506 136
1507 282
1508 294
1509 106
1510 200
1511 80
1512 74
1513 118
1514 48
1515 326
1516 188
1517 258
1518 180
1519 230
1520 160
1521 254
1522 178
1523 70
1524 36
1525 138
1526 144
1527 88
1528 66
1529 116
1530 86
1531 168
1532 74
1533 156
1534 236
1535 528
1536 218
1537 70
1538 252
1539 224
1540 418
1541 20
1542 82
1543 192
1544 182
1545 116
1546 160
1547 178
1548 198
1549 134
1550 30
1551 144
1552 398
1553 60
1554 110
1555 158
1556 396
1557 54
1558 30
1559 284
1560 156
1561 84
1562 120
1563 268
1564 82
1565 202
1566 62
1567 104
1568 102
1569 36
1570 138
1571 304
1572 88
1573 212
1574 100
1575 200
1576 254
1577 394
1578 62
1579 106
1580 90
1581 174
1582 60
1583 226
1584 108
1585 182
1586 258
1587 54
1588 80
1589 154
1590 110
1591 98
1592 324
1593 120
1594 132
1595 120
1596 92
1597 48
1598 90
1599 216
1600 48
1601 130
1602 172
1603 272
1604 110
1605 84
1606 106
1607 112
1608 146
1609 150
1610 166
1611 82
1612 152
1613 112
1614 114
1615 126
1616 116
1617 72
1618 178
1619 94
1620 42
1621 60
1622 144
1623 64
1624 108
1625 136
1626 156
1627 34
1628 138
1629 70
1630 80
1631 412
1632 46
1633 40
1634 220
1635 48
1636 104
1637 72
1638 174
1639 160
1640 74
1641 208
1642 206
1643 164
1644 262
1645 118
1646 120
1647 150
1648 74
1649 156
1650 114
1651 184
1652 100
1653 390
1654 262
1655 158
1656 46
1657 60
1658 138
1659 86
1660 138
1661 48
1662 82
1663 200
1664 42
1665 120
1666 42
1667 128
1668 102
1669 120
1670 98
1671 150
1672 128
1673 92
1674 120
1675 210
1676 192
1677 226
1678 86
1679 154
1680 68
1681 180
1682 98
1683 136
1684 92
1685 124
1686 230
1687 76
1688 194
1689 166
1690 88
1691 116
1692 178
1693 152
1694 128
1695 154
1696 224
1697 68
1698 142
1699 130
1700 82
1701 36
1702 216
1703 210
1704 60
1705 180
1706 90
1707 92
1708 150
1709 182
1710 426
1711 50
1712 162
1713 142
1714 92
1715 70
1716 72
1717 166
1718 110
1719 234
1720 160
1721 84
1722 138
1723 76
1724 128
1725 300
1726 236
1727 62
1728 44
1729 168
1730 78
1731 58
1732 46
1733 76
1734 156
1735 154
1736 156
1737 74
1738 154
1739 184
1740 160
1741 86
1742 46
1743 104
1744 160
1745 126
1746 220
1747 214
1748 100
1749 80
1750 416
1751 36
1752 98
1753 104
1754 300
1755 272
1756 188
1757 64
1758 124
1759 34
1760 64
1761 48
1762 170
1763 138
1764 196
1765 112
1766 236
1767 106
1768 36
1769 92
1770 28
1771 202
1772 140
1773 76
1774 128
1775 74
1776 128
1777 78
1778 258
1779 336
1780 140
1781 134
1782 160
1783 58
1784 166
1785 58
1786 170
1787 30
1788 232
1789 86
1790 380
1791 32
1792 232
1793 114
1794 80
1795 92
1796 86
1797 54
1798 228
1799 106
1800 66
1801 48
1802 154
1803 134
1804 72
1805 220
1806 100
1807 62
1808 162
1809 128
1810 80
1811 90
1812 56
1813 140
1814 32
1815 78
1816 222
1817 206
1818 144
1819 176
1820 86
1821 208
1822 178
1823 118
1824 302
1825 170
1826 94
1827 152
1828 130
1829 184
1830 104
1831 60
1832 366
1833 322
1834 132
1835 82
1836 128
1837 100
1838 80
1839 272
1840 146
1841 94
1842 168
OHHOHHOHHAAAROHHOHHOHHR
0 206
1 220
2 242
3 222
4 452
5 98
6 194
7 282
8 244
9 220
10 234
11 106
12 252
13 150
14 192
15 282
16 172
17 146
18 150
19 244
20 190
21 148
22 242
23 102
24 180
25 178
26 168
27 246
28 460
29 202
30 130
31 300
32 204
33 92
34 224
35 98
36 198
37 192
38 210
39 190
40 216
41 352
42 158
43 218
44 220
45 218
46 206
47 196
48 216
49 184
50 202
51 228
52 150
53 470
54 200
55 172
56 254
57 304
58 170
59 252
60 148
61 126
62 216
63 136
64 302
65 164
66 202
67 178
68 254
69 240
70 348
71 124
72 164
73 148
74 188
75 214
76 194
77 176
78 138
79 360
80 208
81 386
82 78
83 292
84 186
85 392
86 460
87 216
88 194
89 110
90 398
91 116
92 204
93 306
94 84
95 140
96 280
97 92
98 214
99 138
100 154
101 270
102 212
103 188
104 272
105 188
106 96
107 142
108 216
109 222
110 248
111 212
112 284
113 302
114 162
115 238
116 322
117 210
118 260
119 218
120 160
121 282
122 242
123 12
124 338
125 224
126 184
127 178
128 172
129 390
130 176
131 328
132 248
133 188
134 226
135 204
136 220
137 256
138 136
139 148
140 192
141 182
142 294
143 158
144 220
145 148
146 188
147 264
148 164
149 184
150 202
151 100
152 162
153 234
154 198
155 288
156 172
157 130
158 256
159 240
160 238
161 124
162 204
163 196
164 290
165 416
166 178
167 104
168 128
169 174
170 154
171 194
172 194
173 146
174 106
175 96
176 214
177 260
178 136
179 162
180 224
181 290
182 268
183 450
184 318
185 174
186 348
187 326
188 356
189 244
190 116
191 86
192 400
193 182
194 128
195 218
196 132
197 182
198 152
199 192
200 244
201 182
202 218
203 188
204 326
205 204
206 172
207 156
208 244
209 222
210 164
211 178
212 142
213 218
214 490
215 208
216 176
217 156
218 154
219 124
220 240
221 226
222 136
223 174
224 156
225 162
226 300
227 228
228 268
229 144
230 236
231 168
232 230
233 422
234 346
235 154
236 170
237 182
238 218
239 278
240 234
241 144
242 448
243 200
244 448
245 252
246 200
247 138
248 280
249 330
250 190
251 198
252 96
253 284
254 168
255 224
256 134
257 328
258 98
259 194
260 204
261 142
262 94
263 244
264 224
265 494
266 238
267 126
268 174
269 370
270 292
271 184
272 174
273 198
274 460
275 156
276 294
277 162
278 196
279 124
280 218
281 402
282 182
283 210
284 152
285 308
286 304
287 202
288 108
289 168
290 202
291 292
292 240
293 186
294 160
295 194
296 100
297 202
298 338
299 166
300 190
301 132
302 360
303 214
304 132
305 116
306 164
307 166
308 92
309 142
310 254
311 218
312 404
313 308
314 126
315 274
316 176
317 224
318 228
319 282
320 196
321 150
322 142
323 282
324 138
325 284
326 336
327 358
328 188
329 152
330 454
331 224
332 246
333 128
334 160
335 296
336 150
337 204
338 392
339 152
340 208
341 132
342 390
343 212
344 210
345 268
346 182
347 164
348 166
349 228
350 176
351 222
352 130
353 190
354 194
355 458
356 294
357 226
358 120
359 212
360 214
361 266
362 208
363 184
364 154
365 322
366 216
367 214
368 302
369 332
370 186
371 220
372 98
373 264
374 172
375 224
376 264
377 156
378 254
379 178
380 172
381 156
382 256
383 484
384 326
385 178
386 218
387 458
388 234
389 210
390 338
391 300
392 416
393 192
394 370
395 188
396 162
397 148
398 118
399 398
400 214
401 90
402 234
403 170
404 166
405 206
406 196
407 136
408 174
409 110
410 444
411 108
412 136
413 254
414 188
415 212
416 170
417 262
418 204
419 322
420 388
421 338
422 140
423 156
424 132
425 188
426 414
427 224
428 146
429 234
430 148
431 200
432 256
433 186
434 210
435 250
436 328
437 130
438 374
439 246
440 378
441 132
442 236
443 170
444 278
445 288
446 224
447 202
448 216
449 162
450 270
451 130
452 130
453 178
454 130
455 162
456 146
457 178
458 220
459 280
460 296
461 80
462 300
463 138
464 208
465 170
466 186
467 138
468 134
469 120
470 142
471 184
472 178
473 478
474 184
475 230
476 488
477 112
478 280
479 90
480 164
481 204
482 92
483 154
484 280
485 300
486 178
487 192
488 498
489 368
490 126
491 194
492 234
493 254
494 132
495 196
496 316
497 532
498 184
499 218
500 170
501 224
502 212
503 240
504 174
505 164
506 140
507 310
508 178
509 208
510 138
511 370
512 374
513 238
514 176
515 170
516 158
517 124
518 212
519 140
520 86
521 194
522 336
523 260
524 190
525 270
526 226
527 204
528 208
529 188
530 272
531 274
532 210
533 230
534 186
535 260
536 210
537 100
538 272
539 106
540 216
541 232
542 366
543 212
544 446
545 226
546 222
547 364
548 140
549 250
550 216
551 112
552 326
553 422
554 142
555 188
556 438
557 164
558 152
559 192
560 270
561 160
562 200
563 132
564 224
565 226
566 150
567 138
568 160
569 130
570 380
571 158
572 260
573 138
574 290
575 276
576 172
577 152
578 16
579 192
580 210
581 126
582 244
583 148
584 266
585 204
586 130
587 362
588 260
589 174
590 496
591 246
592 160
593 292
594 206
595 234
596 114
597 420
598 358
599 316
600 290
601 136
602 238
603 206
604 140
605 346
606 180
607 414
608 164
609 352
610 108
611 206
612 272
613 298
614 142
615 152
616 248
617 180
618 232
619 148
620 144
621 140
622 244
623 208
624 232
625 122
626 244
627 220
628 162
629 324
630 258
631 134
632 224
633 132
634 250
635 268
636 200
637 212
638 374
639 462
640 180
641 224
642 224
643 220
644 230
645 242
646 94
647 174
648 212
649 268
650 298
651 368
652 184
653 264
654 176
655 186
656 166
657 194
658 190
659 162
660 186
661 184
662 188
663 138
664 176
665 208
666 380
667 154
668 212
669 226
670 132
671 202
672 406
673 240
674 118
675 258
676 104
677 360
678 228
679 108
680 226
681 144
682 118
683 212
684 208
685 454
686 214
687 24
688 298
689 340
690 454
691 402
692 324
693 222
694 252
695 318
696 252
697 368
698 248
699 408
700 168
701 244
702 326
703 158
704 200
705 166
706 156
707 226
708 126
709 250
710 402
711 228
712 236
713 340
714 308
715 262
716 170
717 304
718 136
719 352
720 148
721 168
722 194
723 182
724 114
725 194
726 160
727 256
728 178
729 440
730 156
731 222
732 198
733 88
734 152
735 356
736 220
737 286
738 148
739 192
740 182
741 178
742 200
743 292
744 208
745 430
746 228
747 332
748 166
749 210
750 310
751 174
752 196
753 154
754 136
755 364
756 290
757 484
758 268
759 374
760 84
761 212
762 198
763 284
764 206
765 350
766 220
767 358
768 352
769 192
770 202
771 330
772 242
773 174
774 180
775 158
776 218
777 140
778 188
779 218
780 162
781 220
782 306
783 278
784 378
785 202
786 386
787 204
788 140
789 270
790 108
791 172
792 126
793 280
794 126
795 288
796 202
797 192
798 358
799 356
800 198
801 204
802 276
803 186
804 192
805 196
806 174
807 394
808 250
809 174
810 152
811 298
812 506
813 140
814 312
815 162
816 176
817 206
818 262
819 114
820 332
821 78
822 134
823 136
824 244
825 290
826 350
827 176
828 352
829 164
830 180
831 148
832 228
833 278
834 136
835 240
836 280
837 280
838 386
839 94
840 140
841 216
842 192
843 126
844 162
845 346
846 226
847 370
848 302
849 278
850 202
851 176
852 190
853 162
854 120
855 172
856 352
857 150
858 208
859 348
860 236
861 202
862 348
863 186
864 180
865 170
866 228
867 214
868 242
869 234
870 388
871 304
872 338
873 216
874 142
875 182
876 264
877 220
878 500
879 176
880 212
881 150
882 240
883 110
884 128
885 276
886 320
887 204
888 328
889 230
890 288
891 210
892 232
893 158
894 308
895 198
896 158
897 164
898 384
899 124
900 338
901 246
902 276
903 218
904 148
905 146
906 460
907 264
908 192
909 216
910 176
911 186
912 296
913 132
914 284
915 144
916 230
917 236
918 256
919 156
920 106
921 216
922 162
923 196
924 182
925 174
926 196
927 428
928 194
929 94
930 332
931 140
932 246
933 118
934 264
935 208
936 222
937 200
938 192
939 384
940 396
941 170
942 126
943 306
944 220
945 358
946 152
947 126
948 250
949 106
950 184
951 276
952 228
953 142
954 254
955 258
956 130
957 232
958 428
959 392
960 464
961 428
962 192
963 216
964 136
965 276
966 178
967 192
968 98
969 370
970 196
971 120
972 376
973 322
974 218
975 188
976 284
977 112
978 274
979 196
980 196
981 144
982 178
983 104
984 424
985 634
986 212
987 370
988 210
989 290
990 188
991 272
992 300
993 278
994 316
995 248
996 194
997 318
998 258
999 116
1000 222
1001 258
1002 158
1003 160
1004 214
1005 146
1006 132
1007 248
1008 174
1009 160
1010 184
1011 214
1012 142
1013 154
1014 124
1015 246
1016 154
1017 216
1018 264
1019 178
1020 210
1021 254
1022 184
1023 240
1024 136
1025 140
1026 182
1027 132
1028 160
1029 164
1030 430
1031 86
1032 136
1033 242
1034 252
1035 168
1036 256
1037 160
1038 140
1039 314
1040 134
1041 240
1042 226
1043 192
1044 182
1045 228
1046 82
1047 132
1048 244
1049 204
1050 238
1051 138
1052 256
1053 460
1054 202
1055 228
1056 354
1057 146
1058 348
1059 132
1060 214
1061 430
1062 200
1063 188
1064 150
1065 188
1066 108
1067 216
1068 420
1069 284
1070 218
1071 136
1072 172
1073 324
1074 210
1075 120
1076 288
1077 158
1078 344
1079 180
1080 272
1081 168
1082 438
1083 126
1084 338
1085 226
1086 150
1087 84
1088 70
1089 188
1090 98
1091 132
1092 188
1093 204
1094 154
1095 230
1096 190
1097 178
1098 520
1099 222
1100 206
1101 222
1102 142
1103 194
1104 186
1105 162
1106 276
1107 222
1108 162
1109 200
1110 360
1111 434
1112 354
1113 238
1114 210
1115 186
1116 250
1117 276
1118 206
1119 154
1120 152
1121 224
1122 464
1123 248
1124 212
1125 316
1126 182
1127 238
1128 202
1129 186
1130 158
1131 254
1132 200
1133 190
1134 162
1135 170
1136 188
1137 162
1138 202
1139 186
1140 208
1141 402
1142 172
1143 238
1144 196
1145 182
1146 116
1147 190
1148 310
1149 218
1150 328
1151 132
1152 110
1153 184
1154 336
1155 310
1156 346
1157 240
1158 214
1159 450
1160 116
1161 254
1162 264
1163 218
1164 432
1165 110
1166 158
1167 284
1168 294
1169 188
1170 222
1171 276
1172 202
1173 230
1174 158
1175 164
1176 130
1177 130
1178 190
1179 176
1180 214
1181 154
1182 258
1183 276
1184 162
1185 230
1186 174
1187 272
1188 220
1189 142
1190 220
1191 108
1192 194
1193 322
1194 112
1195 300
1196 206
1197 200
1198 228
1199 146
1200 114
1201 226
1202 178
1203 334
1204 172
1205 246
1206 222
1207 176
1208 168
1209 292
1210 262
1211 148
1212 206
1213 334
1214 94
1215 234
1216 114
1217 188
1218 254
1219 268
1220 208
1221 172
1222 388
1223 262
1224 184
1225 212
1226 144
1227 222
1228 148
1229 138
1230 178
1231 236
1232 238
1233 150
1234 288
1235 108
1236 242
1237 462
1238 322
1239 102
1240 220
1241 126
1242 214
1243 74
1244 332
1245 160
1246 218
1247 234
1248 196
1249 218
1250 218
1251 202
1252 382
1253 140
1254 166
1255 202
1256 126
1257 160
1258 190
1259 94
1260 414
1261 352
1262 190
1263 164
1264 228
1265 390
1266 256
1267 120
1268 188
1269 124
1270 254
1271 220
1272 214
1273 400
1274 178
1275 280
1276 254
1277 120
1278 410
1279 170
1280 280
1281 250
1282 162
1283 124
1284 252
1285 392
1286 410
1287 172
1288 164
1289 200
1290 126
1291 188
1292 256
1293 310
1294 198
1295 146
1296 286
1297 156
1298 236
1299 336
1300 256
1301 164
1302 242
1303 212
1304 114
1305 192
1306 248
1307 116
1308 178
1309 504
1310 274
1311 240
1312 296
1313 124
1314 260
1315 178
1316 330
1317 300
1318 408
1319 142
1320 126
1321 500
1322 184
1323 134
1324 138
1325 174
1326 216
1327 180
1328 226
1329 504
1330 176
1331 366
1332 188
1333 330
1334 286
1335 214
1336 206
1337 128
1338 408
1339 170
1340 124
1341 276
1342 472
1343 386
1344 322
1345 196
1346 240
1347 188
1348 146
1349 210
1350 228
1351 136
1352 272
1353 260
1354 174
1355 156
1356 256
1357 256
1358 250
1359 240
1360 250
1361 166
1362 278
1363 306
1364 172
1365 266
1366 214
1367 144
1368 148
1369 166
1370 118
1371 164
1372 254
1373 454
1374 98
1375 134
1376 430
1377 218
1378 154
1379 216
1380 130
1381 162
1382 322
1383 272
1384 482
1385 202
1386 440
1387 230
1388 232
1389 448
1390 196
1391 192
1392 156
1393 274
1394 142
1395 258
1396 162
1397 120
1398 176
1399 198
1400 190
1401 182
1402 228
1403 206
1404 502
1405 196
1406 128
1407 238
1408 390
1409 340
1410 254
1411 202
1412 244
1413 212
1414 174
1415 198
1416 206
1417 182
1418 204
1419 160
1420 256
1421 196
1422 246
1423 220
1424 192
1425 236
1426 172
1427 130
1428 142
1429 270
1430 228
1431 218
1432 184
1433 232
1434 292
1435 206
1436 140
1437 292
1438 252
1439 142
1440 162
1441 98
1442 518
1443 216
1444 152
1445 288
1446 234
1447 160
1448 258
1449 154
1450 230
1451 168
1452 208
1453 128
1454 236
1455 414
1456 250
1457 154
1458 240
1459 264
1460 194
1461 402
1462 138
1463 238
1464 222
1465 96
1466 258
1467 234
1468 264
1469 490
1470 172
1471 254
1472 134
1473 340
1474 394
1475 208
1476 210
1477 190
1478 246
1479 186
1480 358
1481 328
1482 268
1483 202
1484 234
1485 360
1486 162
1487 432
1488 142
1489 380
1490 174
1491 268
1492 190
1493 266
1494 304
1495 136
1496 222
1497 306
1498 164
1499 266
1500 162
1501 456
1502 148
1503 234
1504 248
1505 278
1506 132
1507 154
1508 252
1509 408
1510 222
1511 202
1512 360
1513 150
1514 472
1515 190
1516 254
1517 166
1518 160
1519 142
1520 362
1521 174
1522 154
1523 264
1524 112
1525 224
1526 280
1527 180
1528 262
1529 134
1530 172
1531 126
1532 260
1533 228
1534 150
1535 250
1536 184
1537 242
1538 134
1539 264
1540 230
1541 182
1542 236
1543 326
1544 256
1545 192
1546 222
1547 200
1548 252
1549 220
1550 144
1551 268
1552 156
1553 232
1554 242
1555 144
1556 386
1557 210
1558 146
1559 194
1560 238
1561 112
1562 322
1563 90
1564 206
1565 148
1566 438
1567 172
1568 122
1569 146
1570 326
1571 246
1572 258
1573 114
1574 156
1575 192
1576 268
1577 340
1578 224
1579 396
1580 160
1581 178
1582 200
OHHOHHOHHAAAAAROHHOHHOHHR
0 284
1 218
2 14
3 268
4 278
5 86
6 240
7 198
8 244
9 18
10 154
11 274
12 216
13 30
14 136
15 388
16 670
17 158
18 482
19 178
20 196
21 256
22 212
23 420
24 316
25 220
26 640
27 464
28 286
29 258
30 120
31 306
32 530
33 124
34 224
35 178
36 320
37 306
38 238
39 174
40 162
41 246
42 302
43 472
44 320
45 200
46 290
47 24
48 124
49 230
50 142
51 214
52 150
53 194
54 374
55 348
56 340
57 146
58 334
59 400
60 282
61 332
62 126
63 260
64 318
65 226
66 262
67 180
68 210
69 162
70 160
71 126
72 216
73 250
74 366
75 188
76 256
77 184
78 370
79 134
80 456
81 158
82 338
83 178
84 256
85 226
86 222
87 138
88 18
89 106
90 100
91 70
92 452
93 252
94 230
95 246
96 376
97 242
98 208
99 146
100 298
101 184
102 354
103 152
104 306
105 206
106 132
107 324
108 284
109 102
110 200
111 600
112 212
113 622
114 250
115 176
116 352
117 18
118 248
119 230
120 522
121 342
122 302
123 682
124 438
125 548
126 186
127 142
128 218
129 374
130 422
131 204
132 414
133 132
134 132
135 140
136 194
137 204
138 214
139 36
140 576
141 320
142 24
143 176
144 298
145 346
146 324
147 508
148 142
149 174
150 120
151 188
152 246
153 286
154 258
155 298
156 328
157 242
158 336
159 488
160 148
161 328
162 226
163 168
164 14
165 212
166 390
167 226
168 172
169 344
170 190
171 202
172 238
173 314
174 136
175 240
176 198
177 172
178 278
179 524
180 328
181 200
OHHOHHOHHAAAAROHHOHHOHHR
0 10
1 264
2 238
3 18
4 184
5 38
6 362
7 280
8 262
9 124
10 248
11 184
12 168
13 132
14 138
15 344
16 128
17 406
18 162
19 118
20 110
21 18
22 150
23 178
24 202
25 142
26 168
27 160
28 202
29 166
30 134
31 32
32 206
33 296
34 150
35 184
36 326
37 180
38 140
39 92
40 260
41 202
42 166
43 188
44 164
45 148
46 280
47 186
48 208
49 376
50 10
51 80
52 32
53 98
54 148
55 182
56 138
57 456
58 270
59 154
60 360
61 550
62 18
63 272
64 124
65 14
66 216
67 464
68 42
69 152
70 156
71 36
72 228
73 34
74 220
75 108
76 38
77 164
78 268
79 154
80 166
81 158
82 182
83 90
84 250
85 20
86 160
87 260
88 120
89 36
90 326
91 196
92 18
93 212
94 192
95 184
96 122
97 128
98 244
99 188
100 240
101 154
102 134
103 444
104 194
105 430
106 20
107 236
108 242
109 20
110 18
111 144
112 126
113 302
114 182
115 14
116 166
117 320
118 276
119 164
120 166
121 158
122 278
123 152
124 132
125 166
126 394
127 230
128 106
129 166
130 294
131 230
132 248
133 218
134 162
135 208
136 266
137 22
138 250
139 504
140 24
141 190
142 112
143 402
144 308
145 134
146 180
147 34
148 240
149 10
150 246
151 344
152 286
153 24
154 94
155 32
156 424
157 120
158 268
159 116
160 302
161 14
162 14
163 12
164 156
165 154
166 282
167 218
168 36
169 150
170 118
171 256
172 188
173 294
174 218
175 170
176 34
177 140
178 276
179 214
180 20
181 302
182 190
183 220
184 314
185 18
186 152
187 120
188 398
189 22
190 302
191 406
192 176
193 24
194 20
195 16
196 116
197 444
198 252
199 168
200 82
201 20
202 306
203 236
204 32
205 150
206 142
207 14
208 200
209 302
210 382
211 134
212 96
213 312
214 128
215 14
216 38
217 110
218 114
219 18
220 210
221 246
222 198
223 188
224 114
225 354
226 200
227 20
228 162
229 22
230 342
231 22
232 150
233 126
234 242
235 20
236 120
237 114
238 28
239 304
240 220
241 156
242 10
243 402
244 158
245 132
246 92
247 34
248 22
249 128
250 20
251 410
252 122
253 160
254 106
255 314
256 308
257 28
258 188
259 284
260 166
261 296
262 510
263 156
264 206
265 20
266 270
267 130
268 70
269 132
270 214
271 278
272 146
273 198
274 260
275 118
276 138
277 140
278 224
279 30
280 18
281 238
282 110
283 264
284 230
285 14
286 258
287 354
288 222
289 220
290 240
291 78
292 36
293 378
294 234
295 206
296 190
297 96
298 180
299 22
300 92
301 310
302 216
303 106
304 248
305 290
306 186
307 196
308 222
309 208
310 224
311 112
312 266
313 26
314 164
315 176
316 248
317 166
318 398
319 150
320 148
321 240
322 178
323 162
324 436
325 116
326 20
327 144
328 120
329 278
330 218
331 210
332 364
333 90
334 182
335 142
336 64
337 154
338 198
339 130
340 176
341 262
342 372
343 20
344 122
345 154
346 288
347 124
348 18
349 210
350 168
351 122
352 128
353 174
354 118
355 212
356 160
357 232
358 130
359 264
360 130
361 156
362 294
363 350
364 344
365 106
366 14
367 208
368 204
369 146
370 382
371 150
372 414
373 114
374 212
375 154
376 184
377 128
378 260
379 294
380 298
381 106
382 16
383 258
384 230
385 290
386 276
387 160
388 326
389 210
390 322
391 180
392 146
393 358
394 22
395 218
396 238
397 194
398 154
399 72
400 214
401 342
402 144
403 210
404 176
405 182
406 12
407 16
408 362
409 10
410 88
411 98
412 118
413 16
414 136
415 110
416 218
417 16
418 278
419 140
420 114
421 160
422 20
423 18
424 26
425 186
426 296
427 182
428 256
429 258
430 128
431 138
432 166
433 140
434 150
435 284
436 226
437 380
438 232
439 16
440 278
441 184
442 18
443 12
444 166
445 308
446 222
447 20
448 18
449 378
450 180
451 336
452 208
453 136
454 174
455 28
456 456
457 198
458 184
459 180
460 160
461 138
462 162
463 362
464 14
465 92
466 210
467 164
468 18
469 138
470 180
471 136
472 284
473 22
474 16
475 162
476 202
477 184
478 148
479 18
480 150
481 22
482 116
483 16
484 106
485 132
486 14
487 214
488 306
489 222
490 286
491 306
492 288
493 14
494 134
495 144
496 18
497 336
498 290
499 154
500 504
501 132
502 178
503 248
504 110
505 20
506 8
507 294
508 18
509 100
510 194
511 212
512 166
513 188
514 228
515 294
516 108
517 216
518 230
519 22
520 226
521 34
522 110
523 132
524 128
525 176
526 196
527 210
528 248
529 268
530 36
531 334
532 224
533 208
534 178
535 188
536 18
537 146
538 72
539 156
540 16
541 20
542 420
543 96
544 18
545 256
546 86
547 156
548 280
549 208
550 150
551 112
552 214
553 384
554 296
555 298
556 254
557 14
558 158
559 176
560 206
561 176
562 148
563 208
564 304
565 422
566 18
567 146
568 240
569 236
570 98
571 100
572 484
573 216
574 224
575 252
576 116
577 186
578 228
579 36
580 236
581 156
582 236
583 178
584 210
585 178
586 124
587 116
588 456
589 172
590 302
591 162
592 272
593 254
594 158
595 332
596 330
597 130
598 86
599 92
600 238
601 174
602 262
603 468
604 506
605 232
606 92
607 328
608 354
609 28
610 156
611 144
612 282
613 324
614 422
615 256
616 134
617 24
618 34
619 36
620 210
621 460
622 164
623 232
624 176
625 254
626 168
627 184
628 136
629 256
630 236
631 38
632 338
633 134
634 140
635 198
636 218
637 516
638 306
639 18
640 272
641 374
642 310
643 242
644 120
645 226
646 14
647 256
648 156
649 232
650 150
651 126
652 112
653 428
654 70
655 236
656 94
657 10
658 292
659 194
660 202
661 174
662 262
663 198
664 200
665 212
666 212
667 102
668 16
669 12
670 34
671 150
672 210
673 120
674 12
675 20
676 158
677 236
678 18
679 164
680 20
681 74
682 224
683 414
684 14
685 198
686 114
687 20
688 226
689 182
690 24
691 22
692 238
693 184
694 70
695 140
696 22
697 248
698 18
699 90
700 10
701 144
702 134
703 184
704 90
705 28
706 20
707 274
708 168
709 246
710 274
711 202
712 158
713 222
714 166
715 174
716 252
717 580
718 22
719 158
720 62
721 30
722 196
723 14
724 258
725 272
726 30
727 484
728 162
729 420
730 160
731 154
732 160
733 186
734 264
735 36
736 32
737 128
738 288
739 252
740 174
741 136
742 278
743 172
744 212
745 110
746 446
747 108
748 202
749 16
750 186
751 142
752 20
753 180
754 206
755 318
756 176
757 10
758 18
759 362
760 134
761 354
762 174
763 158
764 34
765 12
766 208
767 74
768 136
769 64
770 26
771 202
772 212
773 358
774 14
775 232
776 24
777 206
778 170
779 116
780 22
781 106
782 296
783 140
784 148
785 320
786 136
787 240
788 188
789 140
790 328
791 18
792 334
793 140
794 34
795 126
796 198
797 526
798 14
799 12
800 166
801 176
802 260
803 142
804 38
805 172
806 116
807 168
808 144
809 192
810 274
811 282
812 24
813 124
814 152
815 40
816 180
817 242
818 194
819 132
820 176
821 192
822 220
823 18
824 184
825 316
826 100
827 500
828 236
829 180
830 196
831 184
832 206
833 148
834 206
835 196
836 266
837 42
838 16
839 68
840 156
841 434
842 38
843 138
844 232
845 106
846 18
847 176
848 116
849 412
850 240
851 102
852 28
853 252
854 158
855 206
856 288
857 390
858 272
859 288
860 352
861 470
862 168
863 224
864 444
865 226
866 18
867 186
868 410
869 194
870 112
871 90
872 156
873 126
874 514
875 20
876 78
877 238
878 246
879 126
880 430
881 152
882 144
883 14
884 66
885 134
886 22
887 438
888 134
889 268
890 156
891 492
892 208
893 16
894 104
895 148
896 138
897 246
898 352
899 458
900 172
901 506
902 154
903 142
904 122
905 10
906 116
907 350
908 226
909 108
910 180
911 202
912 402
913 174
914 18
915 18
916 194
917 174
918 38
919 232
920 162
921 218
922 112
923 120
924 162
925 110
926 132
927 532
928 278
929 16
930 30
931 162
932 218
933 238
934 270
935 330
936 232
937 108
938 18
939 152
940 264
941 14
942 378
943 94
944 282
945 128
946 300
947 150
948 20
949 138
950 94
951 82
952 182
953 220
954 160
955 174
956 112
957 542
958 560
959 150
960 18
961 280
962 320
963 256
964 198
965 22
966 100
967 182
968 158
969 262
970 456
971 132
972 16
973 282
974 132
975 172
976 114
977 248
978 178
979 198
980 264
981 18
982 244
983 162
984 16
985 172
986 84
987 182
988 282
989 284
990 118
991 154
992 236
993 292
994 18
995 262
996 278
997 202
998 366
999 132
1000 216
1001 96
1002 188
1003 454
1004 22
1005 134
1006 172
1007 358
1008 18
1009 122
1010 186
1011 260
1012 376
1013 228
1014 208
1015 256
1016 120
1017 482
1018 20
1019 164
1020 350
1021 376
1022 100
1023 212
1024 220
1025 144
1026 214
1027 194
1028 196
1029 404
1030 140
1031 156
1032 162
1033 200
1034 14
1035 506
1036 188
1037 22
1038 164
1039 38
1040 178
1041 526
1042 162
1043 14
1044 22
1045 284
1046 158
1047 28
1048 20
1049 14
1050 24
1051 16
1052 148
1053 178
1054 14
1055 132
1056 18
1057 116
1058 222
1059 256
1060 32
1061 164
1062 126
1063 416
1064 292
1065 14
1066 14
1067 18
1068 128
1069 334
1070 236
1071 386
1072 148
1073 118
1074 80
1075 304
1076 172
1077 214
1078 110
1079 270
1080 14
1081 14
1082 148
1083 208
1084 272
1085 206
1086 236
1087 216
1088 22
1089 516
1090 132
1091 34
1092 144
1093 374
1094 16
1095 284
1096 14
1097 110
1098 168
1099 280
1100 24
1101 284
1102 34
1103 150
1104 272
1105 18
1106 16
1107 84
1108 164
1109 192
1110 118
1111 116
1112 132
1113 226
1114 154
1115 210
1116 336
1117 132
1118 152
1119 128
1120 478
1121 210
1122 90
1123 102
1124 328
1125 186
1126 196
1127 120
1128 246
1129 494
1130 18
1131 102
1132 30
1133 14
1134 30
1135 200
1136 562
1137 214
1138 106
1139 136
1140 114
1141 154
1142 248
1143 162
1144 170
1145 116
1146 18
1147 180
1148 240
1149 258
1150 18
1151 22
1152 86
1153 196
1154 192
1155 12
1156 174
1157 342
1158 194
1159 24
unknown
OHHOHHOHHAAAAAAROHHOHHOHHR
0 296
1 18
2 22
3 10
4 262
5 244
6 612
7 276
8 182
9 254
10 170
11 38
12 232
13 518
14 36
15 18
16 24
17 16
18 22
19 18
20 250
21 22
22 290
23 30
24 22
25 22
26 76
27 20
28 180
29 248
30 450
31 12
32 20
33 108
34 86
35 98
36 18
37 184
38 164
39 122
40 14
41 612
42 38
43 22
44 234
45 538
46 96
47 110
48 86
49 152
50 32
51 136
52 32
53 134
54 32
55 30
56 68
57 16
58 194
59 280
60 16
61 20
62 132
63 226
64 130
65 382
66 18
67 76
68 118
69 518
70 274
71 222
72 22
73 164
74 210
75 466
76 152
77 220
78 22
79 152
80 44
81 122
82 316
83 32
84 18
85 492
86 258
87 84
88 18
89 170
90 22
91 124
92 36
93 118
94 272
95 34
96 10
97 18
98 308
99 114
100 24
101 228
102 294
103 208
104 96
105 288
106 196
107 18
108 274
109 186
110 126
111 110
112 132
113 422
114 14
115 14
116 384
117 306
118 22
119 260
120 304
121 186
122 252
123 24
124 52
125 412
126 14
127 16
128 18
129 20
130 122
131 36
132 22
133 22
134 278
135 182
136 18
137 22
138 198
139 500
140 18
141 210
142 272
143 256
144 154
145 432
146 158
147 104
148 262
149 172
150 22
151 236
152 150
153 96
154 38
155 22
156 276
157 252
158 146
159 200
160 26
161 22
162 288
163 370
164 52
165 222
166 22
167 254
168 280
169 134
170 18
171 32
172 146
173 18
174 34
175 34
176 20
177 156
178 390
179 286
180 18
181 308
182 36
183 190
184 304
185 252
186 338
187 268
188 162
189 22
190 288
191 280
192 18
193 144
194 136
195 170
196 64
197 74
198 278
199 288
200 16
201 22
202 288
203 364
204 300
205 16
206 206
207 168
208 188
209 276
210 18
211 162
212 26
213 158
214 22
215 188
216 106
217 208
218 174
219 18
220 102
221 138
222 22
223 388
224 266
225 138
226 256
227 154
228 298
229 184
230 32
231 136
232 58
233 148
234 240
235 204
236 490
237 168
238 16
239 90
240 14
OHHOHHAAAAROHHOHHR
0 182
1 32
2 176
OHHOHHAAAAAROHHOHHR
0 122
1 132
2 118
OHHOHHAAROHHOHHR
0 148
1 230
2 72
3 88
4 132
5 106
6 34
7 14
8 124
9 30
10 162
11 100
12 80
13 50
14 18
OHHOHHOHHAAAAAAAAAROHHOHHOHHR
0 676
1 214
